8.206969241600000000e+10
9.174854656000000000e+09
2.001549885440000000e+11
2.596662149120000000e+11
1.303867289600000000e+10
1.899803934720000000e+11
5.888400998400000000e+10
5.010353766400000000e+10
1.883930132480000000e+11
9.193755443200000000e+10
1.244796928000000000e+10
1.361429913600000000e+10
3.789232128000000000e+10
3.601965875200000000e+10
4.858073497600000000e+10
5.188957388800000000e+10
1.824325427200000000e+10
6.815665152000000000e+09
2.255648153600000000e+10
2.822824345600000000e+10
2.286030438400000000e+10
1.024685977600000000e+10
1.472373043200000000e+10
3.627598233600000000e+10
1.514920083456000000e+12
1.526118219776000000e+12
1.020815278080000000e+11
1.260582207488000000e+12
1.818339532800000000e+10
1.032747991040000000e+11
2.393159680000000000e+10
1.215383756800000000e+10
4.919721574400000000e+10
1.353226895360000000e+11
1.097638871040000000e+11
2.797137510400000000e+10
2.970567475200000000e+10
3.148843827200000000e+10
2.920709324800000000e+10
1.313479966720000000e+11
4.275900416000000000e+10
8.110060339200000000e+10
2.405477990400000000e+10
1.218259435520000000e+11
6.345340928000000000e+10
0.000000000000000000e+00
2.586468941824000000e+12
9.804741017600000000e+10
2.878268825600000000e+10
3.551466291200000000e+10
1.036292198400000000e+10
1.346792652800000000e+11
1.504874700800000000e+10
4.163648716800000000e+10
4.034994995200000000e+10
3.178827980800000000e+10
1.495288627200000000e+10
2.698640793600000000e+10
2.628723916800000000e+10
2.920079687680000000e+11
1.363096985600000000e+10
3.557924454400000000e+10
7.045978521600000000e+10
1.174479360000000000e+10
0.000000000000000000e+00
2.163365068800000000e+10
1.531366604800000000e+10
1.492003225600000000e+10
3.047148339200000000e+10
9.489950310400000000e+10
3.473403084800000000e+10
8.747311923200000000e+10
9.075489177600000000e+10
8.830767104000000000e+09
1.836994355200000000e+10
6.000632627200000000e+10
1.670723010560000000e+11
2.288932126720000000e+11
1.680238796800000000e+10
1.750482534400000000e+10
0.000000000000000000e+00
1.379812044800000000e+10
4.180672102400000000e+10
1.416894054400000000e+10
1.603368755200000000e+10
1.424806809600000000e+10
5.304101683200000000e+10
1.635779276800000000e+10
1.388537958400000000e+10
2.016764723200000000e+10
3.316421017600000000e+10
1.550278451200000000e+10
1.138899271680000000e+11
1.204852633600000000e+10
2.779066368000000000e+10
2.214727884800000000e+10
1.599750451200000000e+10
4.700116582400000000e+10
1.924958822400000000e+10
8.494209536000000000e+09
2.736263782400000000e+10
2.076761497600000000e+10
1.218765721600000000e+10
1.254034964480000000e+11
7.682440396800000000e+10
3.020111872000000000e+11
4.095416729600000000e+10
8.892647833600000000e+10
2.438999859200000000e+10
8.178980454400000000e+10
1.976555520000000000e+10
4.118156083200000000e+10
2.065785323520000000e+11
9.566165401600000000e+10
1.679228108800000000e+10
1.248477184000000000e+10
1.762715443200000000e+10
7.883057561600000000e+10
1.989928755200000000e+10
2.790777159680000000e+11
4.298532454400000000e+10
6.494151884800000000e+10
1.816602542080000000e+11
1.074110361600000000e+10
1.675557171200000000e+10
1.259861032960000000e+11
3.280668057600000000e+10
4.614162841600000000e+10
0.000000000000000000e+00
1.783826432000000000e+10
2.695641702400000000e+10
3.003142553600000000e+10
4.205076070400000000e+10
2.357816524800000000e+11
2.342291046400000000e+10
8.004832460800000000e+10
7.616543129600000000e+10
2.706022400000000000e+10
1.268973649920000000e+11
2.478663475200000000e+10
1.794517237760000000e+11
1.709657702400000000e+10
1.104290304000000000e+10
1.160615116800000000e+11
2.753980211200000000e+10
8.742094848000000000e+09
3.938109030400000000e+10
3.960039014400000000e+10
2.286972108800000000e+10
4.146695782400000000e+10
3.295932620800000000e+10
1.507614515200000000e+10
2.029053870080000000e+11
5.503712460800000000e+10
3.654410240000000000e+10
6.612088422400000000e+10
1.228978176000000000e+10
1.919320064000000000e+10
4.918433382400000000e+10
2.538598604800000000e+10
8.475082752000000000e+10
2.085153587200000000e+10
3.415859609600000000e+10
7.239259648000000000e+09
1.380295475200000000e+10
5.780497203200000000e+10
3.250212454400000000e+10
4.852725760000000000e+10
2.613387264000000000e+10
6.604205260800000000e+10
3.338548428800000000e+10
5.372013772800000000e+10
2.177479680000000000e+10
2.388658995200000000e+10
6.831510732800000000e+10
1.503012659200000000e+10
2.482984755200000000e+10
6.474682777600000000e+10
3.056380313600000000e+10
2.143145984000000000e+10
9.504760627200000000e+10
1.181472153600000000e+10
1.081505792000000000e+10
1.566649753600000000e+10
3.004864716800000000e+10
4.576571392000000000e+10
2.647951769600000000e+10
1.678285414400000000e+10
2.543947980800000000e+10
3.632229580800000000e+11
1.025041408000000000e+10
1.525079142400000000e+10
3.181226598400000000e+10
9.106038784000000000e+09
5.265993728000000000e+10
2.561444864000000000e+10
2.675305676800000000e+10
2.469484544000000000e+10
6.037610496000000000e+10
6.464991641600000000e+10
2.026067558400000000e+10
1.679957708800000000e+10
5.658675609600000000e+10
4.725313536000000000e+10
2.061823385600000000e+10
9.671047168000000000e+09
1.974583296000000000e+10
1.979388928000000000e+10
1.233913958400000000e+10
5.954645606400000000e+10
3.492426956800000000e+10
2.110541619200000000e+10
2.389454028800000000e+10
8.186634240000000000e+10
1.384068403200000000e+10
6.604461670400000000e+10
4.266483302400000000e+10
1.852198092800000000e+10
7.443491225600000000e+10
9.904020480000000000e+09
3.974488473600000000e+10
5.504001228800000000e+10
1.019047362560000000e+11
2.576154624000000000e+10
3.188403200000000000e+10
2.380088524800000000e+10
1.214761369600000000e+10
6.672998809600000000e+10
1.768695398400000000e+10
1.124646092800000000e+10
4.650952294400000000e+10
3.192356249600000000e+10
1.993191014400000000e+10
4.328273510400000000e+10
1.809979596800000000e+10
3.136897024000000000e+11
1.332167229440000000e+11
2.842524057600000000e+10
1.453061222400000000e+10
1.457667686400000000e+10
3.966003609600000000e+10
5.714107596800000000e+10
8.522577408000000000e+09
1.939020185600000000e+10
1.443230105600000000e+10
3.650195046400000000e+10
6.186908057600000000e+10
4.636639232000000000e+10
1.655798988800000000e+10
1.791743590400000000e+10
1.772805324800000000e+11
6.524781772800000000e+10
1.185024737280000000e+11
1.792253132800000000e+10
1.284428800000000000e+10
3.087655321600000000e+10
1.185761853440000000e+11
8.548681318400000000e+10
8.476984320000000000e+09
5.036624896000000000e+09
4.164481024000000000e+10
1.555752243200000000e+10
1.794164326400000000e+10
1.403669299200000000e+10
1.793571430400000000e+10
4.750790164480000000e+11
4.216835686400000000e+10
3.614626611200000000e+11
1.024970547200000000e+10
2.336692633600000000e+10
1.797872844800000000e+10
2.567530291200000000e+10
4.674641920000000000e+10
1.561412198400000000e+10
4.115385139200000000e+10
4.840683929600000000e+10
5.218082406400000000e+10
3.967441305600000000e+10
4.557521715200000000e+10
2.299479654400000000e+10
6.557854924800000000e+10
9.655094272000000000e+09
2.706816614400000000e+10
1.452649062400000000e+10
2.317608755200000000e+10
2.794492395520000000e+11
1.086964633600000000e+10
1.598966497280000000e+11
2.356234035200000000e+10
1.446669926400000000e+10
1.191726366720000000e+11
1.594150297600000000e+10
1.332199915520000000e+11
1.030033408000000000e+10
3.528508620800000000e+10
2.144406732800000000e+10
1.940114227200000000e+10
5.371620556800000000e+10
1.002416537600000000e+10
5.781524889600000000e+10
8.164152115200000000e+10
2.209691648000000000e+10
1.286094438400000000e+10
3.570415697920000000e+11
2.240617676800000000e+10
2.688678502400000000e+10
1.861835653120000000e+11
4.727187046400000000e+10
1.403182776320000000e+11
2.240256245760000000e+11
5.576594554880000000e+11
5.524738867200000000e+10
2.936492236800000000e+10
1.924611891200000000e+10
3.617758412800000000e+10
7.638439526400000000e+10
2.083614490624000000e+12
2.264534016000000000e+10
5.449653452800000000e+10
9.554332672000000000e+09
1.830548070400000000e+10
1.177258086400000000e+10
8.994766848000000000e+10
1.807951872000000000e+10
4.533662924800000000e+10
5.883363328000000000e+10
1.446114918400000000e+11
2.312099020800000000e+10
3.609159680000000000e+10
3.473067212800000000e+10
2.631572480000000000e+10
1.628186316800000000e+10
8.432034611200000000e+10
9.848009728000000000e+09
5.809313792000000000e+10
1.179733708800000000e+10
1.172838400000000000e+10
1.393511792640000000e+11
9.622833152000000000e+09
1.973776384000000000e+11
1.143557017600000000e+10
1.254811136000000000e+10
6.275380838400000000e+10
2.139946598400000000e+10
6.913431961600000000e+10
1.456714547200000000e+10
8.350347264000000000e+09
8.789721088000000000e+09
4.423596851200000000e+10
4.621912309760000000e+11
1.524124569600000000e+10
4.544794624000000000e+10
4.086836838400000000e+10
5.145301401600000000e+10
3.221688115200000000e+10
1.618211635200000000e+10
2.824119091200000000e+10
1.960110325760000000e+11
8.197272064000000000e+09
3.094017228800000000e+10
2.883305062400000000e+10
1.530966732800000000e+10
0.000000000000000000e+00
3.480443289600000000e+10
4.571873280000000000e+10
1.689546240000000000e+10
1.033115975680000000e+11
6.199127040000000000e+09
8.398008320000000000e+09
2.374148423680000000e+11
1.850218291200000000e+10
2.754235269120000000e+11
1.556829962240000000e+11
3.801840435200000000e+10
8.032712704000000000e+09
5.675383193600000000e+10
7.020067225600000000e+10
1.624445952000000000e+10
3.038495334400000000e+10
2.125276979200000000e+10
1.806180147200000000e+10
3.885229998080000000e+11
6.274118451200000000e+10
1.185067171840000000e+11
4.101678284800000000e+10
3.522455552000000000e+10
1.346216140800000000e+10
6.514438553600000000e+10
1.057304678400000000e+10
5.092969472000000000e+09
1.254117273600000000e+10
1.652703539200000000e+10
1.564527984640000000e+11
1.641882112000000000e+10
7.681197568000000000e+09
2.009254912000000000e+10
1.420594053120000000e+11
3.924146176000000000e+10
1.178459033600000000e+10
7.088266444800000000e+10
1.975202406400000000e+10
4.257634713600000000e+10
2.914023014400000000e+10
1.094485196800000000e+10
2.931300352000000000e+10
1.650332364800000000e+10
4.956951347200000000e+10
3.525173248000000000e+10
1.980482764800000000e+10
9.073650073600000000e+10
1.733009080320000000e+11
3.775897190400000000e+10
5.471659622400000000e+10
1.826505728000000000e+10
9.513160704000000000e+09
5.152821657600000000e+10
9.514190438400000000e+10
7.209340928000000000e+10
1.468819865600000000e+10
3.877704499200000000e+10
1.873834803200000000e+10
1.483814502400000000e+10
1.137565286400000000e+10
1.315140812800000000e+10
7.777872281600000000e+10
2.765450240000000000e+10
1.958841344000000000e+10
0.000000000000000000e+00
2.448617472000000000e+10
2.241015398400000000e+10
9.101292339200000000e+10
2.861832396800000000e+10
2.014460518400000000e+10
4.400448716800000000e+10
4.382183833600000000e+10
1.538080112640000000e+11
2.820052172800000000e+10
1.377950310400000000e+10
9.057707008000000000e+09
1.095516979200000000e+11
4.071733657600000000e+10
2.013405184000000000e+10
1.337986867200000000e+10
1.719040204800000000e+10
8.744693923840000000e+11
1.572303011840000000e+11
1.526443110400000000e+10
2.178770206720000000e+11
7.309968179200000000e+10
2.292803174400000000e+10
3.322946969600000000e+10
3.286259712000000000e+10
4.208229580800000000e+10
1.674223308800000000e+10
6.454192947200000000e+10
3.919688089600000000e+10
1.617375539200000000e+10
3.382462668800000000e+10
7.200477184000000000e+10
1.645178572800000000e+10
2.147489382400000000e+10
6.721474560000000000e+09
7.324537344000000000e+09
1.506194227200000000e+11
1.635225395200000000e+10
4.789783101440000000e+11
1.564281733120000000e+11
2.291427532800000000e+10
9.848581120000000000e+09
4.557703987200000000e+10
2.217422643200000000e+10
1.984852787200000000e+10
3.288490188800000000e+10
1.943562813440000000e+11
6.946673459200000000e+10
2.042466508800000000e+10
1.249299763200000000e+10
0.000000000000000000e+00
7.419971072000000000e+09
2.286374297600000000e+10
1.679707648000000000e+10
4.243759104000000000e+11
3.663126937600000000e+10
0.000000000000000000e+00
6.878788812800000000e+10
1.849521971200000000e+10
3.155927449600000000e+10
1.739628544000000000e+11
3.952732160000000000e+10
2.333954867200000000e+10
1.653783244800000000e+10
1.303074816000000000e+10
3.087563571200000000e+10
1.102608793600000000e+10
4.166338150400000000e+10
0.000000000000000000e+00
8.151576064000000000e+09
3.946340352000000000e+10
1.451616153600000000e+10
3.429949235200000000e+10
1.975518412800000000e+10
2.522564198400000000e+10
8.841723904000000000e+09
8.386158592000000000e+10
